Name             pa	hit	HR	SO	BA	OPS      RBI     R	SB	TP	woba	xwoba	HHP	CP	WP
Muncy, Max	579	102	36	153	0.212	0.333	105	95	1	2485	0.344	0.364	46.6	79.2	29.6
McMahon, Ryan	627	133	23	198	0.24	0.322	70	80	4	2742	0.325	0.335	44.2	73.6	32.2
De La Cruz, Bryan	626	149	19	142	0.257	0.304	78	60	2	2467	0.309	0.331	42.5	78.3	28.7
Soler, Jorge	580	126	36	141	0.25	0.341	75	77	1	2315	0.361	0.374	48	80.5	27.6
Correa, Carlos	580	118	18	131	0.23	0.312	65	60	0	2257	0.309	0.33	45.9	83.4	25.1
Díaz, Yandy	600	173	22	94	0.33	0.41	78	95	0	2357	0.402	0.383	54	88.1	18.3
Robert Jr. Luis	595	144	38	172	0.264	0.315	80	90	16	2200	0.358	0.347	42.3	78.6	33.5
Wade Jr. LaMonte 519	110	17	95	0.256	0.373	45	64	2	2102	0.347	0.363	39.8	87	20.7
Rosario, Eddie	516	122	21	122	0.255	0.305	74	64	3	1908	0.322	0.317	35.4	76.5	29.7
Estrada, Thairo	530	134	14	120	0.271	0.315	49	63	23	1923	0.316	0.292	33.7	88.4	21.1
Edman, Tommy	528	119	13	84	0.248	0.307	47	69	23	1809	0.306	0.312	38.8	91.8	16.1
Hays, Austin	566	143	16	141	0.275	0.325	67	76	5	2122	0.33	0.309	40.1	82.6	28.3
Perez, Salvador	580	137	23	135	0.255	0.292	80	59	0	2061	0.302	0.327	44	80.3	30.2
Abreu, José	594	128	18	130	0.237	0.296	90	62	0	2400	0.295	0.314	41.6	82.1	26.4
Betts, Mookie	693	179	39	107	0.307	0.408	107	126	14	2712	0.416	0.407	48.5	91.8	16.7
Cronenworth, Jake 522	105	10	97	0.229	0.312	48	54	5	2060	0.301	0.305	33.2	90.1	15.9
Rutschman, Adley 687	163	20	101	0.277	0.374	80	84	1	2904	0.352	0.373	38.6	89.3	15.6
Contreras, William 611	156	17	126	0.289	0.367	78	86	6	2419	0.357	0.335	48.7	79	28
Stephenson, Tyler 517	113	13	135	0.243	0.317	56	59	0	2051	0.305	0.314	43.5	80.3	28.4
Bregman, Alex	724	163	25	87	0.262	0.363	98	103	3	2789	0.351	0.351	38.2	91.3	14.1
Guerrero .Vladimir      682       159	26	100	0.264	0.345	94	78	4	2441	0.34	0.378	49.2	84.7	23
Arenado, Nolan	612	149	26	101	0.266	0.315	93	71	3	2285	0.327	0.32	38.1	89.4	20.2
Torres, Gleyber	672	163	25	98	0.273	0.347	68	90	9	2647	0.346	0.362	40.3	83.7	21.8
Peña, Jeremy	634	152	10	129	0.263	0.324	52	81	12	2299	0.31	0.305	35.8	86.4	28.3
Chapman, Matt	581	122	17	165	0.24	0.33	54	66	3	2451	0.328	0.337	56.4	72.8	31.1
Arraez, Luis	617	203	10	34	0.354	0.393	69	71	2	2161	0.369	0.354	25.7	93.8	7.8
Vaughn, Andrew	615	146	21	129	0.258	0.314	80	67	0	2317	0.321	0.319	46.5	86.6	24.1
Ohtani, Shohei	599	151	44	143	0.304	0.412	95	102	15	2321	0.433	0.427	54.2	76	32.3
Paredes, Isaac	571	123	31	104	0.25	0.352	98	71	1	2366	0.362	0.315	28.5	89.2	18.2
Hoerner, Nico	688	175	9	83	0.283	0.346	68	98	34	2539	0.322	0.311	33.4	93	12.4
Crawford, J.P.	638	142	19	125	0.266	0.38	65	94	2	2629	0.359	0.34	36.2	87	18.6
Turner, Justin	626	154	23	110	0.276	0.345	96	86	3	2670	0.346	0.336	39	87.8	17.5
Tucker, Kyle	674	163	29	92	0.284	0.369	112	97	22	2570	0.372	0.386	45.9	87.3	18.5
Kwan, Steven	718	171	5	75	0.268	0.34	54	93	19	2843	0.313	0.317	18.8	93.6	11.1
Lowe, Nathaniel	724	163	17	165	0.262	0.36	82	89	1	3044	0.34	0.339	41.6	85.9	20.6
India, Jonathan	529	111	17	109	0.244	0.338	61	78	9	2205	0.327	0.339	38.6	84.8	22
Harris II, Michael	539	148	18	101	0.293	0.331	57	76	20	1954	0.345	0.357	48.5	81.6	24.4
Vierling, Matt	530	125	10	112	0.261	0.329	44	63	6	2133	0.315	0.322	42.8	86.5	19.3
Yoshida, Masataka	580	155	15	81	0.289	0.338	72	71	8	2197	0.339	0.325	40.6	86.5	18.3
Giménez, Andrés	616	140	15	112	0.251	0.314	62	76	28	2346	0.309	0.297	27	80.4	25
Acuña Jr., Ronald	735	217	41	84	0.337	0.416	106	149	59	2782	0.428	0.46	55.2	85.6	18.7
Nimmo, Brandon	682	162	24	146	0.274	0.363	68	89	3	2847	0.359	0.352	47.9	84.3	22
Steer, Spencer	665	158	23	139	0.271	0.356	86	74	11	2684	0.355	0.333	37.1	82.8	24.1
Albies, Ozzie	660	167	33	107	0.28	0.336	109	96	13	2563	0.358	0.34	39	86.6	20.6
Renfroe, Hunter	548	116	20	125	0.233	0.297	60	60	0	2107	0.308	0.289	39.1	81.9	26.4
Harper, Bryce	546	134	21	119	0.293	0.401	72	84	6	2021	0.384	0.399	46.8	78.6	33.2
Tatis Jr., Fernando	635	148	25	141	0.257	0.322	78	91	21	2335	0.332	0.364	49.3	77.2	30.5
Candelario, Jeimer	576	127	22	127	0.251	0.336	70	77	8	2333	0.346	0.318	36.4	83.9	24.2
Hernández, Enrique	508	110	11	97	0.237	0.289	61	57	4	1964	0.282	0.272	33.7	84.1	23.6
Burger, Jake	540	123	34	149	0.25	0.309	80	71	1	2048	0.349	0.359	49.6	78.5	34.1
Realmuto, J.T.	540	123	20	138	0.252	0.31	63	70	12	2096	0.324	0.334	43.3	81.4	26.2
Rosario, Amed	545	134	6	99	0.263	0.305	58	70	14	1979	0.297	0.305	39.4	85.7	23.1
García, Adolis	632	136	39	175	0.245	0.328	107	108	9	2562	0.354	0.366	49.7	76.5	31.6
Raleigh, Cal	569	119	30	158	0.232	0.306	75	78	0	2338	0.326	0.33	41	78.8	29.9
Carroll, Corbin	645	161	25	125	0.285	0.362	76	116	42	2431	0.37	0.344	40.9	84.8	21.5
Bellinger, Cody	556	153	26	87	0.307	0.356	97	95	18	2158	0.37	0.327	31.4	85	20.1
Bohm, Alec	611	153	20	94	0.274	0.327	97	74	4	2252	0.329	0.343	41.7	88.1	18.1
Alonso, Pete	658	123	46	151	0.217	0.318	118	92	4	2567	0.346	0.368	40.1	82.1	26.2
Reynolds, Bryan	640	151	24	138	0.263	0.33	84	85	7	2524	0.338	0.36	47.3	82.1	28.2
Swanson, Dansby	638	138	22	154	0.244	0.328	80	81	8	2558	0.325	0.345	39.7	76.4	28.7
Smith, Dominic	586	134	12	91	0.254	0.326	46	57	0	2210	0.306	0.32	30.8	86.2	19.9
Canha, Mark	507	114	11	79	0.262	0.355	62	51	7	2085	0.333	0.323	36.7	88.7	18.3
Freeman, Freddie	730	211	29	121	0.331	0.41	102	131	23	2753	0.411	0.408	42.2	85.7	20.4
Smith, Will	554	121	19	89	0.261	0.359	76	80	3	2292	0.345	0.352	41.6	83.8	19.5
Goldschmidt, Paul	687	159	25	161	0.268	0.363	80	89	8	2847	0.35	0.367	50.8	76.8	27.5
Outman, James	567	120	23	181	0.248	0.353	70	86	16	2352	0.344	0.325	39.9	73.2	36.6
Lindor, Francisco	687	153	31	137	0.254	0.336	98	108	23	2741	0.346	0.346	43.9	83.9	22.8
McKinstry, Zach	518	107	9	113	0.231	0.302	35	60	15	2114	0.289	0.312	33.5	87.3	20.4
Straw, Myles	518	110	1	97	0.238	0.301	29	52	17	1991	0.268	0.272	23.3	88	14
Semien, Marcus	753	185	29	110	0.276	0.348	100	122	13	2799	0.354	0.333	37	88.4	18
McNeil, Jeff	648	158	10	65	0.27	0.333	55	75	9	2193	0.314	0.294	27.4	91.9	13.4
Happ, Ian	691	144	21	153	0.248	0.36	84	86	13	2862	0.345	0.35	39	81.4	25.2
Verdugo, Alex	602	144	13	93	0.264	0.324	54	81	5	2364	0.322	0.331	37.6	91.7	15.6
Santana, Carlos	619	132	23	104	0.24	0.318	86	78	4	2463	0.323	0.308	36.4	82.8	22.1
Suzuki, Seiya	583	147	20	130	0.285	0.357	74	75	5	2445	0.358	0.357	48	84.2	21.3
Bell, Josh	617	135	22	134	0.247	0.325	74	52	0	2428	0.323	0.345	43	82.8	25.8
Thomas, Lane	682	168	28	176	0.268	0.315	86	101	16	2627	0.334	0.319	40.7	87.4	23
Jung, Josh	515	127	23	151	0.266	0.315	70	75	1	1976	0.334	0.337	47.4	79.4	29.7
Rooker Jr., Brent	526	114	30	172	0.246	0.329	69	61	4	2152	0.348	0.343	49.5	73.4	38.2
Díaz, Elias	526	130	14	118	0.267	0.316	72	48	1	1984	0.314	0.296	38.4	81	28.4
Melendez Jr., MJ	602	125	16	170	0.235	0.316	56	65	6	2440	0.31	0.325	49.6	72.5	34.4
Taveras, Leody	554	136	14	117	0.266	0.312	67	67	10	2106	0.316	0.319	43.1	83.3	24.2
Riley, Austin	715	179	37	172	0.281	0.345	97	117	3	2861	0.363	0.365	49.2	79.1	27.8
Walker, Christian	661	150	33	127	0.258	0.333	103	86	11	2671	0.351	0.339	40.4	81.1	26.4
Kim, Ha-Seong	626	140	17	124	0.26	0.351	60	84	30	2727	0.33	0.313	26.7	84.6	17.7
Stott, Bryson	640	164	15	100	0.28	0.329	62	78	30	2665	0.323	0.309	35.2	87.8	15.1
Olson, Matt	720	172	54	167	0.283	0.389	139	127	1	3092	0.413	0.392	55.5	75.6	28.4
Drury, Brandon	523	127	26	136	0.262	0.306	83	61	0	1963	0.339	0.318	46.3	79.8	30.2
Devers, Rafael	656	157	33	126	0.271	0.351	100	90	5	2579	0.359	0.38	55.1	76	26.1
Turner, Trea	691	170	26	150	0.266	0.32	76	102	22	2675	0.333	0.33	42.2	82.2	29.6
Volpe, Anthony	601	113	21	167	0.209	0.283	60	62	15	2335	0.29	0.305	43	80.5	28.1
Seager, Corey	536	156	33	88	0.327	0.39	96	88	2	1846	0.419	0.412	53.2	85.9	25
Yelich, Christian	632	153	19	140	0.278	0.37	76	106	24	2559	0.353	0.362	50.1	82.3	26.8
Soto, Juan	708	156	35	129	0.275	0.41	109	97	10	2897	0.395	0.408	55.3	85.5	20.4
Hayes, Ke'Bryan	525	134	15	104	0.271	0.309	61	65	5	1929	0.324	0.324	48.3	89.3	21.2
Davis, J.D.	546	119	18	152	0.248	0.325	69	61	1	2092	0.321	0.326	45.2	73.2	34
LeMahieu, DJ	562	121	15	125	0.243	0.327	44	55	2	2254	0.315	0.322	43	87	19.7
Ruiz, Keibert	562	136	18	58	0.26	0.308	67	55	1	1887	0.31	0.322	31.9	92	14.3
Suárez, Eugenio	694	139	22	214	0.232	0.323	96	68	2	2903	0.313	0.324	43	75.4	32.8
Varsho, Daulton	581	116	20	135	0.22	0.285	61	65	14	2313	0.293	0.302	36.1	81.8	24.5
Marte, Ketel	650	157	25	109	0.276	0.358	82	94	8	2483	0.361	0.342	42.8	85.8	20.5
Friedl Jr., TJ	556	136	18	90	0.279	0.352	66	73	25	2194	0.353	0.289	27.6	86.7	18.2
Machado, Manny	601	140	30	109	0.258	0.319	91	75	3	2284	0.334	0.335	45.9	83.5	23.9
Meneses, Joey	657	168	13	130	0.275	0.321	89	71	0	2543	0.314	0.288	41.7	85.8	23.6
Merrifield, Whit	592	149	11	101	0.272	0.318	67	66	18	2200	0.304	0.276	24.3	85.1	19.5
Torkelson, Spencer	684	141	31	171	0.233	0.313	94	88	3	2814	0.326	0.352	50.9	82.4	24.7
France, Ty	665	147	12	117	0.25	0.337	58	79	0	2425	0.315	0.342	38.6	89.1	21.9
Abrams, CJ	614	138	18	118	0.245	0.3	64	83	40	2212	0.306	0.304	35.9	83.8	22.3
Adames, Willy	638	120	24	165	0.217	0.31	80	73	4	2596	0.311	0.335	36.5	79.3	31
Santander, Anthony	656	152	28	152	0.257	0.325	95	81	5	2764	0.34	0.319	46	82.1	23.5
Báez, Javier	547	113	9	125	0.222	0.267	59	58	11	1970	0.261	0.279	39.7	78.3	32.6
Witt Jr., Bobby	694	177	30	121	0.276	0.319	96	97	44	2701	0.343	0.369	45.6	83.3	22.8
Grisham, Trent	555	93	13	154	0.198	0.315	50	67	14	2341	0.299	0.322	40	76.6	28.3
Gurriel Jr., Lourdes	592	144	24	103	0.261	0.309	82	65	5	2216	0.329	0.324	46	88.2	18.7
Springer III, George	683	158	21	125	0.258	0.327	72	87	17	2528	0.32	0.332	39.9	84.2	22.3
Bichette, Bo	601	175	20	115	0.306	0.339	73	69	5	2225	0.349	0.363	44.9	87	21.1
Rodríguez, Julio	714	180	32	175	0.275	0.333	103	102	31	2511	0.347	0.345	52	83.3	28.2
Tovar, Ezequiel	615	147	15	166	0.253	0.287	73	79	9	2290	0.298	0.291	36.2	80	31.3
Henderson, Gunnar	622	143	28	159	0.255	0.325	82	100	10	2405	0.346	0.346	52	79.5	26.4
Arozarena, Randy	654	140	23	156	0.254	0.364	83	95	19	2679	0.347	0.351	48.3	76.5	29.1
Garcia, Maikel	515	126	4	115	0.272	0.323	50	59	17	1989	0.299	0.319	50.6	84	19.5
Benintendi, Andrew	621	147	5	89	0.262	0.326	45	72	11	2351	0.299	0.31	27	83.8	19.3
Ramírez, José	691	172	24	73	0.282	0.356	80	87	26	2610	0.346	0.359	40.4	91.2	15.6
Ozuna, Marcell	592	145	40	134	0.274	0.346	100	84	0	2366	0.381	0.396	49	82.9	26.7
Nootbaar, Lars	503	111	14	99	0.261	0.367	46	74	9	2074	0.344	0.356	37.8	86.1	18.2
Schwarber, Kyle	720	115	47	215	0.197	0.343	104	108	0	3068	0.35	0.364	48.8	77.1	31.5
Castellanos, Nick	671	170	29	185	0.272	0.311	106	79	11	2427	0.335	0.32	43.2	77.9	35.4
Profar, Jurickson	521	111	9	90	0.242	0.321	46	55	1	2104	0.304	0.306	31.8	87.6	20
Hernández, Teoscar	678	161	26	211	0.258	0.305	93	70	6	2673	0.317	0.336	49.4	75.2	35.8
Suwinski, Jack	534	100	26	172	0.224	0.339	74	63	11	2281	0.341	0.346	43.4	77.5	30.1
Arcia, Orlando	533	129	17	102	0.264	0.321	65	66	0	2132	0.321	0.307	41.1	82.3	24.3
Anderson, Tim	524	121	1	122	0.245	0.286	25	52	10	1942	0.26	0.284	39.4	82.3	25.3
Bogaerts, Xander	665	170	19	110	0.285	0.35	58	83	12	2644	0.343	0.318	34.6	86.2	20.4
